{
  "nbformat": 4,
  "nbformat_minor": 0,
  "metadata": {
    "colab": {
      "provenance": [],
      "authorship_tag": "ABX9TyPrAYa22yXclwAfaYUZoSKv",
      "include_colab_link": true
    },
    "kernelspec": {
      "name": "python3",
      "display_name": "Python 3"
    },
    "language_info": {
      "name": "python"
    }
  },
  "cells": [
    {
      "cell_type": "markdown",
      "metadata": {
        "id": "view-in-github",
        "colab_type": "text"
      },
      "source": [
        "<a href=\"https://colab.research.google.com/github/ishnt/Data_science_stuff/blob/main/logistic_regression_for_multiclass_classification.ipynb\" target=\"_parent\"><img src=\"https://colab.research.google.com/assets/colab-badge.svg\" alt=\"Open In Colab\"/></a>"
      ]
    },
    {
      "cell_type": "code",
      "execution_count": 2,
      "metadata": {
        "id": "bY0VZbCQKmiY"
      },
      "outputs": [],
      "source": [
        "# make a prediction with a multinomial logistic regression model\n",
        "from sklearn.datasets import make_classification\n",
        "from sklearn.linear_model import LogisticRegression\n",
        "# define dataset\n",
        "x, y = make_classification(n_samples=1000, n_features=10, n_informative=5, n_redundant=5, n_classes=3, random_state=1)"
      ]
    },
    {
      "cell_type": "code",
      "source": [
        "# define the multinomial logistic regression model For multiclass classification\n",
        "model = LogisticRegression(multi_class='ovr', solver='lbfgs')"
      ],
      "metadata": {
        "id": "rN0YNHEoNNO0"
      },
      "execution_count": 3,
      "outputs": []
    },
    {
      "cell_type": "code",
      "source": [
        "from sklearn.model_selection import train_test_split"
      ],
      "metadata": {
        "id": "c9hCWoweNgCN"
      },
      "execution_count": 4,
      "outputs": []
    },
    {
      "cell_type": "code",
      "source": [
        "x_train, x_test, y_train, y_test = train_test_split(x, y, test_size=0.33, random_state=42)"
      ],
      "metadata": {
        "id": "oE2G01BQNokp"
      },
      "execution_count": 5,
      "outputs": []
    },
    {
      "cell_type": "code",
      "source": [
        "model.fit(x_train,y_train)"
      ],
      "metadata": {
        "colab": {
          "base_uri": "https://localhost:8080/",
          "height": 75
        },
        "id": "luzJuRCpNu0z",
        "outputId": "a2240010-7432-4cc0-e3f7-27c71e2d24b3"
      },
      "execution_count": 7,
      "outputs": [
        {
          "output_type": "execute_result",
          "data": {
            "text/plain": [
              "LogisticRegression(multi_class='ovr')"
            ],
            "text/html": [
              "<style>#sk-container-id-1 {color: black;background-color: white;}#sk-container-id-1 pre{padding: 0;}#sk-container-id-1 div.sk-toggleable {background-color: white;}#sk-container-id-1 label.sk-toggleable__label {cursor: pointer;display: block;width: 100%;margin-bottom: 0;padding: 0.3em;box-sizing: border-box;text-align: center;}#sk-container-id-1 label.sk-toggleable__label-arrow:before {content: \"▸\";float: left;margin-right: 0.25em;color: #696969;}#sk-container-id-1 label.sk-toggleable__label-arrow:hover:before {color: black;}#sk-container-id-1 div.sk-estimator:hover label.sk-toggleable__label-arrow:before {color: black;}#sk-container-id-1 div.sk-toggleable__content {max-height: 0;max-width: 0;overflow: hidden;text-align: left;background-color: #f0f8ff;}#sk-container-id-1 div.sk-toggleable__content pre {margin: 0.2em;color: black;border-radius: 0.25em;background-color: #f0f8ff;}#sk-container-id-1 input.sk-toggleable__control:checked~div.sk-toggleable__content {max-height: 200px;max-width: 100%;overflow: auto;}#sk-container-id-1 input.sk-toggleable__control:checked~label.sk-toggleable__label-arrow:before {content: \"▾\";}#sk-container-id-1 div.sk-estimator input.sk-toggleable__control:checked~label.sk-toggleable__label {background-color: #d4ebff;}#sk-container-id-1 div.sk-label input.sk-toggleable__control:checked~label.sk-toggleable__label {background-color: #d4ebff;}#sk-container-id-1 input.sk-hidden--visually {border: 0;clip: rect(1px 1px 1px 1px);clip: rect(1px, 1px, 1px, 1px);height: 1px;margin: -1px;overflow: hidden;padding: 0;position: absolute;width: 1px;}#sk-container-id-1 div.sk-estimator {font-family: monospace;background-color: #f0f8ff;border: 1px dotted black;border-radius: 0.25em;box-sizing: border-box;margin-bottom: 0.5em;}#sk-container-id-1 div.sk-estimator:hover {background-color: #d4ebff;}#sk-container-id-1 div.sk-parallel-item::after {content: \"\";width: 100%;border-bottom: 1px solid gray;flex-grow: 1;}#sk-container-id-1 div.sk-label:hover label.sk-toggleable__label {background-color: #d4ebff;}#sk-container-id-1 div.sk-serial::before {content: \"\";position: absolute;border-left: 1px solid gray;box-sizing: border-box;top: 0;bottom: 0;left: 50%;z-index: 0;}#sk-container-id-1 div.sk-serial {display: flex;flex-direction: column;align-items: center;background-color: white;padding-right: 0.2em;padding-left: 0.2em;position: relative;}#sk-container-id-1 div.sk-item {position: relative;z-index: 1;}#sk-container-id-1 div.sk-parallel {display: flex;align-items: stretch;justify-content: center;background-color: white;position: relative;}#sk-container-id-1 div.sk-item::before, #sk-container-id-1 div.sk-parallel-item::before {content: \"\";position: absolute;border-left: 1px solid gray;box-sizing: border-box;top: 0;bottom: 0;left: 50%;z-index: -1;}#sk-container-id-1 div.sk-parallel-item {display: flex;flex-direction: column;z-index: 1;position: relative;background-color: white;}#sk-container-id-1 div.sk-parallel-item:first-child::after {align-self: flex-end;width: 50%;}#sk-container-id-1 div.sk-parallel-item:last-child::after {align-self: flex-start;width: 50%;}#sk-container-id-1 div.sk-parallel-item:only-child::after {width: 0;}#sk-container-id-1 div.sk-dashed-wrapped {border: 1px dashed gray;margin: 0 0.4em 0.5em 0.4em;box-sizing: border-box;padding-bottom: 0.4em;background-color: white;}#sk-container-id-1 div.sk-label label {font-family: monospace;font-weight: bold;display: inline-block;line-height: 1.2em;}#sk-container-id-1 div.sk-label-container {text-align: center;}#sk-container-id-1 div.sk-container {/* jupyter's `normalize.less` sets `[hidden] { display: none; }` but bootstrap.min.css set `[hidden] { display: none !important; }` so we also need the `!important` here to be able to override the default hidden behavior on the sphinx rendered scikit-learn.org. See: https://github.com/scikit-learn/scikit-learn/issues/21755 */display: inline-block !important;position: relative;}#sk-container-id-1 div.sk-text-repr-fallback {display: none;}</style><div id=\"sk-container-id-1\" class=\"sk-top-container\"><div class=\"sk-text-repr-fallback\"><pre>LogisticRegression(multi_class=&#x27;ovr&#x27;)</pre><b>In a Jupyter environment, please rerun this cell to show the HTML representation or trust the notebook. <br />On GitHub, the HTML representation is unable to render, please try loading this page with nbviewer.org.</b></div><div class=\"sk-container\" hidden><div class=\"sk-item\"><div class=\"sk-estimator sk-toggleable\"><input class=\"sk-toggleable__control sk-hidden--visually\" id=\"sk-estimator-id-1\" type=\"checkbox\" checked><label for=\"sk-estimator-id-1\" class=\"sk-toggleable__label sk-toggleable__label-arrow\">LogisticRegression</label><div class=\"sk-toggleable__content\"><pre>LogisticRegression(multi_class=&#x27;ovr&#x27;)</pre></div></div></div></div></div>"
            ]
          },
          "metadata": {},
          "execution_count": 7
        }
      ]
    },
    {
      "cell_type": "code",
      "source": [
        "y_pred=model.predict(x_test)"
      ],
      "metadata": {
        "id": "BPtgmZiqN3P5"
      },
      "execution_count": 8,
      "outputs": []
    },
    {
      "cell_type": "code",
      "source": [
        "y_pred"
      ],
      "metadata": {
        "colab": {
          "base_uri": "https://localhost:8080/"
        },
        "id": "HJZQ5LxxOZvy",
        "outputId": "808af1e7-2c8e-4a26-8222-6db27160a703"
      },
      "execution_count": 9,
      "outputs": [
        {
          "output_type": "execute_result",
          "data": {
            "text/plain": [
              "array([1, 1, 0, 2, 1, 2, 2, 2, 0, 0, 2, 0, 0, 1, 1, 0, 1, 2, 0, 0, 1, 0,\n",
              "       2, 1, 0, 1, 1, 0, 2, 2, 0, 1, 0, 1, 0, 2, 0, 2, 1, 0, 0, 0, 1, 0,\n",
              "       1, 1, 0, 0, 0, 2, 1, 2, 0, 2, 2, 2, 0, 1, 1, 0, 0, 2, 0, 2, 0, 1,\n",
              "       2, 1, 0, 0, 2, 2, 2, 1, 1, 2, 2, 2, 2, 2, 0, 1, 0, 1, 2, 0, 2, 2,\n",
              "       1, 1, 2, 0, 0, 0, 1, 0, 0, 0, 1, 0, 0, 1, 0, 1, 0, 0, 1, 0, 2, 1,\n",
              "       0, 1, 1, 2, 2, 2, 1, 2, 0, 0, 2, 1, 0, 1, 1, 1, 0, 0, 0, 0, 0, 0,\n",
              "       2, 2, 2, 2, 2, 2, 0, 2, 1, 1, 0, 1, 2, 0, 1, 0, 2, 0, 0, 1, 1, 0,\n",
              "       2, 0, 1, 0, 2, 1, 2, 0, 1, 1, 0, 1, 2, 1, 0, 2, 0, 1, 1, 0, 1, 0,\n",
              "       2, 1, 1, 0, 1, 0, 1, 0, 2, 0, 0, 0, 0, 0, 1, 0, 0, 1, 1, 0, 0, 2,\n",
              "       1, 0, 1, 1, 2, 0, 0, 0, 0, 2, 0, 2, 1, 1, 0, 2, 0, 1, 1, 2, 1, 2,\n",
              "       2, 1, 2, 2, 2, 1, 1, 0, 1, 2, 2, 1, 2, 0, 2, 1, 1, 0, 1, 1, 2, 0,\n",
              "       1, 1, 2, 2, 1, 0, 2, 1, 2, 1, 1, 1, 0, 2, 2, 2, 2, 2, 1, 1, 2, 0,\n",
              "       0, 0, 2, 1, 2, 0, 1, 0, 2, 2, 0, 1, 1, 2, 0, 0, 2, 2, 0, 0, 2, 0,\n",
              "       2, 1, 1, 2, 1, 1, 0, 0, 0, 1, 1, 0, 2, 0, 1, 0, 1, 2, 2, 2, 1, 2,\n",
              "       2, 0, 0, 1, 2, 0, 0, 2, 2, 0, 1, 0, 1, 0, 2, 1, 2, 0, 1, 1, 2, 0])"
            ]
          },
          "metadata": {},
          "execution_count": 9
        }
      ]
    },
    {
      "cell_type": "code",
      "source": [
        "model.predict_proba(x_test)"
      ],
      "metadata": {
        "colab": {
          "base_uri": "https://localhost:8080/"
        },
        "id": "iUmO3DCcOays",
        "outputId": "129e9972-091f-4222-f189-467a025d34c4"
      },
      "execution_count": 10,
      "outputs": [
        {
          "output_type": "execute_result",
          "data": {
            "text/plain": [
              "array([[1.08606592e-01, 5.89836904e-01, 3.01556504e-01],\n",
              "       [8.54194017e-02, 8.72435999e-01, 4.21445989e-02],\n",
              "       [6.73056278e-01, 2.11794283e-01, 1.15149439e-01],\n",
              "       [1.89373437e-02, 9.24414783e-02, 8.88621178e-01],\n",
              "       [7.35050317e-02, 8.22779500e-01, 1.03715468e-01],\n",
              "       [1.10309174e-01, 3.01334657e-01, 5.88356169e-01],\n",
              "       [3.88697965e-01, 2.18207806e-01, 3.93094230e-01],\n",
              "       [3.21397990e-01, 1.81039384e-01, 4.97562627e-01],\n",
              "       [4.86360407e-01, 1.91711426e-01, 3.21928168e-01],\n",
              "       [5.95726510e-01, 3.00735843e-01, 1.03537647e-01],\n",
              "       [4.71219092e-02, 3.24501819e-01, 6.28376272e-01],\n",
              "       [4.82425524e-01, 1.09001527e-01, 4.08572949e-01],\n",
              "       [7.89829598e-01, 3.71487316e-02, 1.73021670e-01],\n",
              "       [1.15690483e-01, 6.97189452e-01, 1.87120065e-01],\n",
              "       [8.93515117e-02, 8.26916311e-01, 8.37321774e-02],\n",
              "       [4.82755984e-01, 2.14364305e-01, 3.02879711e-01],\n",
              "       [1.39480231e-01, 7.75488331e-01, 8.50314382e-02],\n",
              "       [5.28555062e-03, 3.74487025e-01, 6.20227424e-01],\n",
              "       [6.12840843e-01, 4.67092650e-02, 3.40449892e-01],\n",
              "       [6.31314020e-01, 9.33561655e-02, 2.75329814e-01],\n",
              "       [1.71032925e-02, 8.07007184e-01, 1.75889524e-01],\n",
              "       [4.29076547e-01, 2.54895687e-01, 3.16027766e-01],\n",
              "       [2.44971595e-01, 2.07371290e-01, 5.47657114e-01],\n",
              "       [9.47680038e-03, 7.44455974e-01, 2.46067226e-01],\n",
              "       [6.57112455e-01, 2.95494345e-01, 4.73932004e-02],\n",
              "       [3.63424411e-01, 6.08708495e-01, 2.78670941e-02],\n",
              "       [3.10167174e-01, 4.55913210e-01, 2.33919616e-01],\n",
              "       [6.69674034e-01, 2.43194591e-01, 8.71313741e-02],\n",
              "       [3.43987318e-02, 1.44598743e-01, 8.21002525e-01],\n",
              "       [4.16165618e-02, 2.74420046e-01, 6.83963392e-01],\n",
              "       [6.23958197e-01, 5.30659811e-03, 3.70735205e-01],\n",
              "       [1.25161446e-01, 8.41384334e-01, 3.34542204e-02],\n",
              "       [5.63162110e-01, 9.32918585e-02, 3.43546031e-01],\n",
              "       [4.20137236e-01, 4.55525186e-01, 1.24337577e-01],\n",
              "       [6.16991745e-01, 2.44765212e-02, 3.58531734e-01],\n",
              "       [3.56924911e-01, 2.55724851e-01, 3.87350238e-01],\n",
              "       [4.80542071e-01, 1.24268744e-01, 3.95189185e-01],\n",
              "       [3.57737323e-01, 1.86715632e-01, 4.55547045e-01],\n",
              "       [1.92045755e-01, 7.75508733e-01, 3.24455119e-02],\n",
              "       [5.94451144e-01, 9.94833256e-02, 3.06065530e-01],\n",
              "       [5.15813190e-01, 2.04208549e-01, 2.79978261e-01],\n",
              "       [6.52549418e-01, 3.17146138e-01, 3.03044440e-02],\n",
              "       [1.46950330e-01, 7.06249243e-01, 1.46800426e-01],\n",
              "       [3.75005538e-01, 3.56666258e-01, 2.68328203e-01],\n",
              "       [1.62066303e-01, 8.15953076e-01, 2.19806211e-02],\n",
              "       [1.28564721e-01, 7.73984652e-01, 9.74506279e-02],\n",
              "       [5.53977659e-01, 6.99830569e-02, 3.76039284e-01],\n",
              "       [5.95306443e-01, 3.96521972e-02, 3.65041359e-01],\n",
              "       [4.23250968e-01, 3.21659913e-01, 2.55089119e-01],\n",
              "       [1.19846825e-01, 1.95613571e-01, 6.84539604e-01],\n",
              "       [5.87935795e-02, 8.79085027e-01, 6.21213931e-02],\n",
              "       [3.57739959e-01, 2.08494902e-01, 4.33765140e-01],\n",
              "       [4.95649882e-01, 3.17328263e-01, 1.87021855e-01],\n",
              "       [1.49489866e-02, 4.31376498e-01, 5.53674516e-01],\n",
              "       [9.79978862e-02, 2.50671853e-01, 6.51330261e-01],\n",
              "       [7.45705210e-02, 2.08987671e-01, 7.16441808e-01],\n",
              "       [4.83953230e-01, 1.28999772e-01, 3.87046998e-01],\n",
              "       [3.05382344e-01, 6.21119050e-01, 7.34986059e-02],\n",
              "       [3.69645119e-01, 5.17639884e-01, 1.12714997e-01],\n",
              "       [5.45249849e-01, 6.49401405e-02, 3.89810010e-01],\n",
              "       [5.39655337e-01, 7.15800241e-02, 3.88764639e-01],\n",
              "       [9.67170825e-02, 3.75303296e-01, 5.27979622e-01],\n",
              "       [8.80861375e-01, 3.65936257e-02, 8.25449992e-02],\n",
              "       [2.01772383e-01, 1.16841747e-01, 6.81385870e-01],\n",
              "       [5.87549367e-01, 1.66501886e-02, 3.95800445e-01],\n",
              "       [4.50878216e-01, 4.85729932e-01, 6.33918519e-02],\n",
              "       [6.57571002e-02, 3.46604813e-02, 8.99582418e-01],\n",
              "       [2.99269510e-01, 4.68329850e-01, 2.32400640e-01],\n",
              "       [5.40961645e-01, 1.24472693e-01, 3.34565662e-01],\n",
              "       [5.21176251e-01, 3.87886477e-01, 9.09372721e-02],\n",
              "       [2.60860447e-02, 3.41370595e-01, 6.32543361e-01],\n",
              "       [4.37205383e-01, 1.36066357e-02, 5.49187981e-01],\n",
              "       [4.84254606e-01, 9.71168859e-03, 5.06033706e-01],\n",
              "       [1.15305050e-01, 8.00646168e-01, 8.40487817e-02],\n",
              "       [4.04200041e-01, 4.94216235e-01, 1.01583724e-01],\n",
              "       [9.51125259e-02, 2.70911263e-01, 6.33976211e-01],\n",
              "       [7.34487770e-02, 2.52394478e-01, 6.74156745e-01],\n",
              "       [2.22658419e-01, 1.47397482e-01, 6.29944099e-01],\n",
              "       [8.39684829e-02, 3.71685549e-01, 5.44345968e-01],\n",
              "       [3.18908236e-01, 1.30764907e-01, 5.50326856e-01],\n",
              "       [8.51484584e-01, 1.09923600e-02, 1.37523056e-01],\n",
              "       [4.96367163e-02, 5.79069207e-01, 3.71294077e-01],\n",
              "       [7.99026787e-01, 7.54468302e-02, 1.25526383e-01],\n",
              "       [1.99966753e-01, 6.19736973e-01, 1.80296274e-01],\n",
              "       [9.03457681e-02, 7.53129005e-02, 8.34341331e-01],\n",
              "       [5.27894711e-01, 1.14623214e-01, 3.57482075e-01],\n",
              "       [6.97893320e-02, 2.38695309e-01, 6.91515359e-01],\n",
              "       [3.56496630e-02, 3.47049003e-01, 6.17301334e-01],\n",
              "       [3.02476394e-01, 4.58185974e-01, 2.39337632e-01],\n",
              "       [2.29136404e-01, 6.20254217e-01, 1.50609379e-01],\n",
              "       [3.41111638e-01, 1.72984180e-01, 4.85904181e-01],\n",
              "       [6.77731877e-01, 3.06760430e-01, 1.55076933e-02],\n",
              "       [6.43159491e-01, 2.68839855e-01, 8.80006536e-02],\n",
              "       [5.97480337e-01, 1.79288008e-01, 2.23231655e-01],\n",
              "       [1.50002050e-01, 7.12430232e-01, 1.37567718e-01],\n",
              "       [7.53749024e-01, 6.80541705e-02, 1.78196805e-01],\n",
              "       [6.27263579e-01, 3.46653615e-01, 2.60828066e-02],\n",
              "       [5.82369263e-01, 2.25858540e-02, 3.95044883e-01],\n",
              "       [2.17962782e-02, 8.38551576e-01, 1.39652146e-01],\n",
              "       [4.63240391e-01, 2.57679585e-01, 2.79080024e-01],\n",
              "       [6.52676360e-01, 5.66024564e-03, 3.41663394e-01],\n",
              "       [2.51192530e-01, 6.45666324e-01, 1.03141147e-01],\n",
              "       [5.52981127e-01, 8.65027674e-03, 4.38368596e-01],\n",
              "       [2.13118097e-01, 5.69321519e-01, 2.17560384e-01],\n",
              "       [5.52745734e-01, 8.20543982e-02, 3.65199868e-01],\n",
              "       [5.80787391e-01, 1.01502352e-01, 3.17710256e-01],\n",
              "       [1.60129010e-01, 6.89680015e-01, 1.50190974e-01],\n",
              "       [6.11889044e-01, 5.31196087e-02, 3.34991347e-01],\n",
              "       [4.09814217e-02, 9.39158040e-02, 8.65102774e-01],\n",
              "       [2.70789029e-01, 5.56108084e-01, 1.73102887e-01],\n",
              "       [7.75606915e-01, 9.09827275e-02, 1.33410358e-01],\n",
              "       [1.40603294e-01, 5.97316889e-01, 2.62079817e-01],\n",
              "       [3.31766753e-02, 8.81392526e-01, 8.54307989e-02],\n",
              "       [3.11071900e-01, 8.43131374e-02, 6.04614962e-01],\n",
              "       [2.14631127e-01, 1.45959003e-01, 6.39409869e-01],\n",
              "       [3.31118078e-01, 3.11147068e-01, 3.57734854e-01],\n",
              "       [1.80465764e-01, 7.41712777e-01, 7.78214595e-02],\n",
              "       [2.51933966e-01, 1.71587476e-01, 5.76478558e-01],\n",
              "       [7.50161504e-01, 1.32509826e-01, 1.17328670e-01],\n",
              "       [4.60394681e-01, 2.63495936e-01, 2.76109383e-01],\n",
              "       [4.34143503e-02, 2.49527803e-01, 7.07057846e-01],\n",
              "       [3.54592711e-01, 4.80708707e-01, 1.64698582e-01],\n",
              "       [5.75025558e-01, 1.19925064e-01, 3.05049379e-01],\n",
              "       [4.71158519e-02, 5.19953116e-01, 4.32931032e-01],\n",
              "       [3.84796071e-01, 6.09872190e-01, 5.33173911e-03],\n",
              "       [2.98396565e-01, 4.76247862e-01, 2.25355573e-01],\n",
              "       [4.85049510e-01, 1.54375648e-01, 3.60574842e-01],\n",
              "       [6.95902941e-01, 2.71582115e-01, 3.25149440e-02],\n",
              "       [4.98671843e-01, 2.29531232e-01, 2.71796925e-01],\n",
              "       [5.79191932e-01, 6.70351493e-02, 3.53772919e-01],\n",
              "       [5.44046568e-01, 4.29900764e-01, 2.60526679e-02],\n",
              "       [6.61294165e-01, 6.64351583e-02, 2.72270676e-01],\n",
              "       [6.55384253e-02, 2.96275590e-01, 6.38185985e-01],\n",
              "       [1.79050901e-01, 4.65755237e-02, 7.74373576e-01],\n",
              "       [6.65767359e-02, 4.16723715e-01, 5.16699549e-01],\n",
              "       [1.62003054e-01, 1.40122782e-01, 6.97874164e-01],\n",
              "       [3.01240012e-01, 1.25885555e-01, 5.72874433e-01],\n",
              "       [2.17038945e-01, 1.18371291e-01, 6.64589764e-01],\n",
              "       [6.85760812e-01, 6.48772987e-02, 2.49361890e-01],\n",
              "       [4.26322254e-02, 4.61169206e-01, 4.96198569e-01],\n",
              "       [4.47410538e-01, 4.92819719e-01, 5.97697435e-02],\n",
              "       [3.03501790e-01, 6.85700485e-01, 1.07977253e-02],\n",
              "       [4.18019263e-01, 3.83257941e-01, 1.98722796e-01],\n",
              "       [2.10385440e-01, 7.44837399e-01, 4.47771613e-02],\n",
              "       [2.21417637e-01, 1.00506016e-01, 6.78076347e-01],\n",
              "       [5.52719002e-01, 1.17206689e-01, 3.30074309e-01],\n",
              "       [2.66607940e-01, 4.39459151e-01, 2.93932910e-01],\n",
              "       [5.21128053e-01, 1.17265950e-01, 3.61605997e-01],\n",
              "       [2.95772568e-01, 6.19298120e-02, 6.42297621e-01],\n",
              "       [5.91520798e-01, 9.89261118e-02, 3.09553090e-01],\n",
              "       [5.76891555e-01, 6.00652140e-02, 3.63043231e-01],\n",
              "       [3.28066293e-01, 5.50309453e-01, 1.21624254e-01],\n",
              "       [1.10269883e-01, 4.87910328e-01, 4.01819790e-01],\n",
              "       [4.28827255e-01, 1.81773861e-01, 3.89398884e-01],\n",
              "       [1.67081079e-01, 8.48397044e-02, 7.48079216e-01],\n",
              "       [4.85297896e-01, 4.37309059e-01, 7.73930455e-02],\n",
              "       [3.30268434e-01, 4.03806460e-01, 2.65925105e-01],\n",
              "       [5.47504146e-01, 2.17839382e-01, 2.34656472e-01],\n",
              "       [2.84174527e-01, 1.47078170e-02, 7.01117656e-01],\n",
              "       [9.46938899e-02, 7.96455616e-01, 1.08850494e-01],\n",
              "       [2.57339134e-01, 2.57494826e-01, 4.85166040e-01],\n",
              "       [5.21294535e-01, 1.24639638e-01, 3.54065827e-01],\n",
              "       [2.70568743e-02, 7.57461563e-01, 2.15481562e-01],\n",
              "       [4.26132180e-01, 4.30577459e-01, 1.43290360e-01],\n",
              "       [5.77816535e-01, 8.77748603e-02, 3.34408604e-01],\n",
              "       [2.44962691e-01, 7.34413903e-01, 2.06234059e-02],\n",
              "       [2.79041074e-01, 7.64814057e-02, 6.44477520e-01],\n",
              "       [2.61032849e-01, 5.92630408e-01, 1.46336743e-01],\n",
              "       [5.39485492e-01, 2.46642239e-01, 2.13872268e-01],\n",
              "       [1.70233453e-01, 9.89324197e-02, 7.30834127e-01],\n",
              "       [4.91044919e-01, 1.16229951e-01, 3.92725129e-01],\n",
              "       [4.36697147e-02, 8.78447293e-01, 7.78829922e-02],\n",
              "       [8.01004095e-02, 8.77358256e-01, 4.25413340e-02],\n",
              "       [4.09833641e-01, 1.84021313e-01, 4.06145046e-01],\n",
              "       [2.28692999e-01, 5.00162790e-01, 2.71144212e-01],\n",
              "       [5.83659879e-01, 3.73519054e-01, 4.28210672e-02],\n",
              "       [2.58178644e-02, 2.04627299e-01, 7.69554837e-01],\n",
              "       [3.37442195e-01, 6.42164641e-01, 2.03931640e-02],\n",
              "       [1.97474753e-01, 7.87018427e-01, 1.55068208e-02],\n",
              "       [3.91317646e-01, 2.87663503e-01, 3.21018851e-01],\n",
              "       [4.49491586e-04, 5.76617148e-01, 4.22933360e-01],\n",
              "       [5.03770448e-01, 2.57030168e-01, 2.39199384e-01],\n",
              "       [4.89283173e-03, 6.73128279e-01, 3.21978890e-01],\n",
              "       [4.89705440e-01, 4.59645205e-01, 5.06493545e-02],\n",
              "       [1.50761887e-02, 4.50237603e-01, 5.34686208e-01],\n",
              "       [6.04918729e-01, 1.69194704e-02, 3.78161801e-01],\n",
              "       [5.76642378e-01, 3.69882918e-01, 5.34747036e-02],\n",
              "       [5.75311709e-01, 3.64193088e-02, 3.88268982e-01],\n",
              "       [5.77633624e-01, 3.27285995e-01, 9.50803813e-02],\n",
              "       [4.43856035e-01, 1.66221830e-01, 3.89922135e-01],\n",
              "       [2.03953821e-02, 8.90093889e-01, 8.95107286e-02],\n",
              "       [7.11258156e-01, 6.24022072e-02, 2.26339637e-01],\n",
              "       [5.69961778e-01, 3.17123274e-02, 3.98325894e-01],\n",
              "       [3.24777796e-02, 8.93779159e-01, 7.37430614e-02],\n",
              "       [4.22257342e-01, 5.22597620e-01, 5.51450387e-02],\n",
              "       [7.03808015e-01, 6.19122437e-02, 2.34279742e-01],\n",
              "       [7.36741195e-01, 8.29725795e-02, 1.80286225e-01],\n",
              "       [4.18766830e-01, 1.28668607e-01, 4.52564563e-01],\n",
              "       [1.76627965e-01, 5.80498190e-01, 2.42873845e-01],\n",
              "       [6.54455346e-01, 1.18573930e-02, 3.33687261e-01],\n",
              "       [1.99536114e-01, 7.40054324e-01, 6.04095620e-02],\n",
              "       [2.15300430e-01, 4.16393712e-01, 3.68305858e-01],\n",
              "       [7.84522816e-02, 2.49002714e-01, 6.72545005e-01],\n",
              "       [7.14459801e-01, 1.28711071e-01, 1.56829128e-01],\n",
              "       [5.90686878e-01, 7.04747484e-02, 3.38838374e-01],\n",
              "       [3.98287332e-01, 3.47955108e-01, 2.53757560e-01],\n",
              "       [5.34530139e-01, 3.47421567e-02, 4.30727704e-01],\n",
              "       [2.02621509e-02, 1.91101433e-01, 7.88636416e-01],\n",
              "       [4.89603888e-01, 1.14931426e-01, 3.95464686e-01],\n",
              "       [5.28885560e-02, 1.53528962e-01, 7.93582482e-01],\n",
              "       [2.38445319e-01, 6.66677673e-01, 9.48770082e-02],\n",
              "       [3.22777788e-01, 4.41321292e-01, 2.35900920e-01],\n",
              "       [7.05531882e-01, 9.48621564e-02, 1.99605961e-01],\n",
              "       [1.33168081e-01, 3.42502414e-01, 5.24329505e-01],\n",
              "       [5.12319369e-01, 7.49139820e-02, 4.12766649e-01],\n",
              "       [4.60690491e-01, 4.99512170e-01, 3.97973387e-02],\n",
              "       [3.26359668e-01, 6.51893831e-01, 2.17465005e-02],\n",
              "       [7.20891982e-03, 2.69721838e-01, 7.23069242e-01],\n",
              "       [3.61819675e-01, 5.27847800e-01, 1.10332525e-01],\n",
              "       [2.45508385e-01, 3.49417774e-01, 4.05073841e-01],\n",
              "       [2.70644668e-01, 3.43936176e-01, 3.85419155e-01],\n",
              "       [6.99618260e-02, 9.03863109e-01, 2.61750650e-02],\n",
              "       [2.42486751e-02, 1.92894907e-01, 7.82856417e-01],\n",
              "       [3.60659225e-02, 1.50472358e-01, 8.13461720e-01],\n",
              "       [8.21763593e-02, 1.91980394e-01, 7.25843247e-01],\n",
              "       [2.64664431e-01, 5.16934129e-01, 2.18401441e-01],\n",
              "       [7.35416848e-02, 7.30255244e-01, 1.96203071e-01],\n",
              "       [4.47551320e-01, 2.43467513e-01, 3.08981168e-01],\n",
              "       [4.25580450e-01, 5.31862456e-01, 4.25570944e-02],\n",
              "       [3.20443697e-01, 2.94050783e-01, 3.85505521e-01],\n",
              "       [7.51643376e-02, 2.04038057e-01, 7.20797605e-01],\n",
              "       [1.79704873e-02, 5.68014238e-01, 4.14015275e-01],\n",
              "       [6.71136646e-02, 1.00569091e-01, 8.32317244e-01],\n",
              "       [4.89455075e-01, 4.93629066e-02, 4.61182018e-01],\n",
              "       [1.68358679e-01, 3.23142018e-01, 5.08499304e-01],\n",
              "       [1.24948578e-02, 8.71988260e-01, 1.15516882e-01],\n",
              "       [1.30884312e-01, 7.06712333e-01, 1.62403356e-01],\n",
              "       [4.75646332e-01, 2.70100689e-01, 2.54252979e-01],\n",
              "       [1.26737580e-01, 6.58189849e-01, 2.15072571e-01],\n",
              "       [2.87731757e-01, 6.76796003e-01, 3.54722409e-02],\n",
              "       [1.33160472e-01, 1.66220487e-01, 7.00619041e-01],\n",
              "       [4.99158449e-01, 3.06044290e-01, 1.94797261e-01],\n",
              "       [1.94321165e-01, 4.14287878e-01, 3.91390957e-01],\n",
              "       [1.05774054e-01, 8.52522957e-01, 4.17029884e-02],\n",
              "       [3.70478734e-01, 2.44964533e-01, 3.84556734e-01],\n",
              "       [3.66418984e-01, 1.00764482e-01, 5.32816534e-01],\n",
              "       [2.26543976e-01, 7.42471092e-01, 3.09849316e-02],\n",
              "       [7.37079530e-01, 1.44859545e-01, 1.18060925e-01],\n",
              "       [2.13818136e-01, 3.41236849e-01, 4.44945016e-01],\n",
              "       [4.53570245e-01, 4.74181753e-01, 7.22480018e-02],\n",
              "       [4.30464046e-01, 9.58742007e-02, 4.73661754e-01],\n",
              "       [2.21881273e-01, 6.90286979e-01, 8.78317475e-02],\n",
              "       [3.89592960e-02, 5.44194090e-01, 4.16846614e-01],\n",
              "       [3.90725414e-01, 5.47253628e-01, 6.20209580e-02],\n",
              "       [4.09783962e-01, 3.63662011e-01, 2.26554027e-01],\n",
              "       [3.13838553e-02, 4.15654711e-01, 5.52961433e-01],\n",
              "       [1.14532850e-01, 1.16944607e-01, 7.68522542e-01],\n",
              "       [2.58051055e-01, 8.84275637e-02, 6.53521381e-01],\n",
              "       [2.85617932e-01, 1.19951779e-01, 5.94430289e-01],\n",
              "       [1.10306174e-02, 4.48848316e-01, 5.40121067e-01],\n",
              "       [1.22141453e-01, 6.74644477e-01, 2.03214070e-01],\n",
              "       [2.06750199e-01, 4.64106105e-01, 3.29143696e-01],\n",
              "       [2.93382840e-02, 1.67125248e-01, 8.03536468e-01],\n",
              "       [5.13258512e-01, 2.78292609e-01, 2.08448879e-01],\n",
              "       [7.59340064e-01, 1.12271268e-02, 2.29432809e-01],\n",
              "       [7.53761672e-01, 6.64707845e-02, 1.79767543e-01],\n",
              "       [1.35102363e-01, 8.52304895e-02, 7.79667148e-01],\n",
              "       [3.86924218e-01, 5.99786840e-01, 1.32889414e-02],\n",
              "       [1.80173868e-02, 7.21414085e-02, 9.09841205e-01],\n",
              "       [3.95727461e-01, 2.81721442e-01, 3.22551096e-01],\n",
              "       [2.58235438e-01, 6.97846287e-01, 4.39182751e-02],\n",
              "       [5.11503114e-01, 4.20181086e-01, 6.83158000e-02],\n",
              "       [2.50895974e-01, 1.49551205e-01, 5.99552821e-01],\n",
              "       [2.14621807e-01, 2.71304834e-01, 5.14073359e-01],\n",
              "       [5.49202974e-01, 1.13535092e-01, 3.37261934e-01],\n",
              "       [1.39475571e-01, 5.21786563e-01, 3.38737866e-01],\n",
              "       [1.64643924e-01, 7.93654620e-01, 4.17014558e-02],\n",
              "       [1.60317415e-01, 8.29045760e-02, 7.56778009e-01],\n",
              "       [5.30260690e-01, 1.27347446e-01, 3.42391865e-01],\n",
              "       [6.48963176e-01, 1.46494361e-01, 2.04542463e-01],\n",
              "       [4.61952713e-01, 5.77996676e-02, 4.80247619e-01],\n",
              "       [8.79808324e-02, 2.93043292e-01, 6.18975876e-01],\n",
              "       [5.94968396e-01, 8.80599423e-02, 3.16971662e-01],\n",
              "       [4.16066038e-01, 2.73671132e-01, 3.10262829e-01],\n",
              "       [7.24411267e-02, 2.74554412e-01, 6.53004461e-01],\n",
              "       [8.32201046e-01, 8.90134188e-02, 7.87855347e-02],\n",
              "       [8.77158846e-02, 3.70175700e-01, 5.42108415e-01],\n",
              "       [2.62416669e-01, 4.18798346e-01, 3.18784985e-01],\n",
              "       [1.45990587e-02, 8.02323399e-01, 1.83077542e-01],\n",
              "       [7.00012361e-02, 1.87198614e-01, 7.42800150e-01],\n",
              "       [5.40957589e-02, 5.84330715e-01, 3.61573526e-01],\n",
              "       [3.37343972e-01, 3.92272429e-01, 2.70383599e-01],\n",
              "       [5.71732469e-01, 6.86932272e-02, 3.59574304e-01],\n",
              "       [3.71990635e-01, 3.22682639e-01, 3.05326725e-01],\n",
              "       [4.82198754e-01, 7.78009346e-02, 4.40000312e-01],\n",
              "       [6.99188049e-02, 5.89242272e-01, 3.40838923e-01],\n",
              "       [2.26970039e-01, 7.28652636e-01, 4.43773244e-02],\n",
              "       [6.16992057e-01, 2.71775824e-02, 3.55830360e-01],\n",
              "       [4.43498787e-01, 8.02185386e-02, 4.76282674e-01],\n",
              "       [5.31098273e-01, 3.75993574e-01, 9.29081526e-02],\n",
              "       [2.04291546e-01, 4.81917744e-01, 3.13790710e-01],\n",
              "       [4.77997277e-01, 1.71222738e-01, 3.50779985e-01],\n",
              "       [2.30303639e-01, 7.56780022e-01, 1.29163387e-02],\n",
              "       [2.26167752e-02, 2.27659255e-01, 7.49723970e-01],\n",
              "       [1.42005864e-01, 3.93736663e-01, 4.64257473e-01],\n",
              "       [1.82287659e-01, 1.29857106e-01, 6.87855235e-01],\n",
              "       [8.57407521e-03, 9.23920794e-01, 6.75051304e-02],\n",
              "       [1.78172376e-01, 3.67541626e-01, 4.54285998e-01],\n",
              "       [2.55885514e-01, 8.62266551e-02, 6.57887831e-01],\n",
              "       [5.49528362e-01, 4.02344210e-01, 4.81274282e-02],\n",
              "       [5.75363375e-01, 9.66522692e-02, 3.27984356e-01],\n",
              "       [7.47387990e-02, 8.30070792e-01, 9.51904092e-02],\n",
              "       [1.47343139e-01, 8.06476435e-02, 7.72009218e-01],\n",
              "       [5.53804604e-01, 4.79437376e-02, 3.98251659e-01],\n",
              "       [6.35817423e-01, 1.06479911e-02, 3.53534586e-01],\n",
              "       [1.89433936e-01, 9.70907658e-02, 7.13475299e-01],\n",
              "       [2.23075248e-01, 7.60544694e-02, 7.00870282e-01],\n",
              "       [4.46083144e-01, 1.84102804e-01, 3.69814051e-01],\n",
              "       [2.76543439e-01, 4.28942001e-01, 2.94514560e-01],\n",
              "       [5.11133462e-01, 6.59104893e-02, 4.22956048e-01],\n",
              "       [2.38546075e-01, 4.95525459e-01, 2.65928466e-01],\n",
              "       [8.19274834e-01, 9.91565887e-02, 8.15685777e-02],\n",
              "       [1.99822464e-01, 9.36258689e-02, 7.06551667e-01],\n",
              "       [4.40690409e-02, 5.79385783e-01, 3.76545177e-01],\n",
              "       [6.84577161e-02, 4.63250821e-01, 4.68291462e-01],\n",
              "       [5.75185277e-01, 9.34952849e-02, 3.31319438e-01],\n",
              "       [3.39721236e-01, 4.03668609e-01, 2.56610155e-01],\n",
              "       [1.74178542e-01, 6.61358611e-01, 1.64462846e-01],\n",
              "       [4.40980184e-02, 1.51401325e-01, 8.04500657e-01],\n",
              "       [6.00067697e-01, 2.18270383e-02, 3.78105265e-01]])"
            ]
          },
          "metadata": {},
          "execution_count": 10
        }
      ]
    },
    {
      "cell_type": "code",
      "source": [
        "from sklearn.metrics import confusion_matrix,accuracy_score,classification_report\n",
        "print(confusion_matrix(y_pred,y_test))\n",
        "print(accuracy_score(y_pred,y_test))\n",
        "print(classification_report(y_pred,y_test))"
      ],
      "metadata": {
        "colab": {
          "base_uri": "https://localhost:8080/"
        },
        "id": "cGHXPHovOsFP",
        "outputId": "66c3f506-da2f-4444-cadd-e19833d77f5f"
      },
      "execution_count": 11,
      "outputs": [
        {
          "output_type": "stream",
          "name": "stdout",
          "text": [
            "[[87 12 23]\n",
            " [24 74  9]\n",
            " [ 4 22 75]]\n",
            "0.7151515151515152\n",
            "              precision    recall  f1-score   support\n",
            "\n",
            "           0       0.76      0.71      0.73       122\n",
            "           1       0.69      0.69      0.69       107\n",
            "           2       0.70      0.74      0.72       101\n",
            "\n",
            "    accuracy                           0.72       330\n",
            "   macro avg       0.71      0.72      0.71       330\n",
            "weighted avg       0.72      0.72      0.72       330\n",
            "\n"
          ]
        }
      ]
    },
    {
      "cell_type": "code",
      "source": [],
      "metadata": {
        "id": "slHj-1cRO6mQ"
      },
      "execution_count": null,
      "outputs": []
    }
  ]
}